7592
7599
8022
8023
8024
8025
8027
8145
8173
8174
8175
8176
8177
8178
8179
8180
8181
8182
8183
8184
8186
8188
8189
8385
8389
8393
8624
8892
8937
8945
8948
8950
8951
9104
9105
9106
9108
9109
9110
9111
9112
9113
9205
9210
9214
9215
9515
9516
9517
9519
9520
9521
9522
9523
9524
9525
9529
9530
9642
9645
9647
9684
9703
9704
9705
9706
9707
9708
9709
9710
9711
9712
9713
9714
9715
9716
9717
9718
9719
9720
9721
9722
9723
9724
9725
9726
9727
9728
9730
9731
9732
9791
10076
10078
10079
10080
10081
10083
10085
10086
10199
10269
10319
10440
10569
10570
10571
10572
10573
10574
10575
10576
10577
10578
10579
10580
10581
10667
10710
10747
10748
10749
10750
10751
10752
10754
10755
10757
10758
10759
10760
10761
10762
10763
10764
10765
10767
10768
10770
10841
10881
10944
10965
10973
11008
11009
11010
11011
11012
11013
11014
11015
11016
11017
11018
11019
11020
11021
11022
11023
11024
11026
11027
11028
11030
11198
11199
11200
11201
11202
11203
11204
11282
11348
11349
11430
11588
11896
11897
11898
11900
12100
12101
12102
12103
12104
12105
12106
12107
12108
12109
12110
12111
12112
12113
12114
12115
12117
12118
12119
12121
12122
12123
12124
12184
12321
12323
12324
12325
12326
12327
12328
12329
12330
12331
12333
12336
12337
12338
12397
12439
12440
12441
12442
12443
12444
12445
12446
12448
12449
12450
12451
12453
12454
12455
12651
12652
12653
12744
12763
12767
13248
13297
13497
13599
13601
13602
13603
13604
13605
13606
13607
13608
13609
13610
13611
13612
13613
13614
13615
13616
13617
13618
13619
13620
13621
13622
13623
13644
13645
13646
13647
13648
13701
13753
13803
13804
13805
13806
13807
13808
13809
13810
13811
13812
13813
13815
13816
13817
13818
13819
14017
14018
14019
14021
14022
14201
14203
14213
14285
14824
14827
14985
15111
15112
15113
15114
15115
15116
15117
15118
15119
15120
15121
15122
15123
15124
15125
15126
15127
15128
15129
15130
15131
15132
15133
15134
15135
15252
15253
15255
15289
15367
15368
15371
15372
15373
15375
15376
15377
15378
15379
15380
15381
15382
15591
15592
15593
15594
15705
15719
15981
15984
16031
16032
16033
16034
16035
16036
16037
16038
16039
16040
16042
16077
16078
16079
16080
16081
16082
16083
16084
16086
16087
16088
16089
16091
16092
16093
16226
16227
16228
16229
16230
16231
16232
16233
16234
16235
16236
16237
16524
16526
16624
16625
16626
16627
16628
16629
16630
16631
16632
16633
16634
16636
16637
16638
16919
16920
16921
16922
16923
16924
16925
16926
17005
17007
17008
17009
17010
17012
17096
17097
17098
17099
17100
17101
17102
17103
17112
17118
17464
17490
17536
17537
17539
17540
17551
17570
17571
17572
17573
17574
17575
17656
17661
18041
18042
18043
18044
18045
18046
18047
18048
18049
18050
18052
18053
18054
18055
18301
18302
18303
18304
18305
18306
18307
18308
18309
18310
18406
18407
18408
18409
18410
18411
18412
18413
18414
18415
18416
18417
18418
18419
18421
18445
18656
18657
18658
18659
18660
18661
18662
18663
18683
18826
19050
19051
19052
19053
19054
19055
19056
19057
19058
19059
19060
19061
19101
19102
19103
19104
19233
19234
19235
19236
19237
19238
19239
19240
19241
19291
19574
19575
19576
19577
19578
19579
19690
19691
19692
19693
19853
19854
19855
19856
19857
19858
19859
19860
19861
19862
19863
19864
19865
19935
19981
19982
19983
19984
19985
19986
19987
19988
19989
19990
19995
19996
19997
19998
19999
20000
20001
20002
20003
20004
20006
20007
20008
20009
20010
20011
20012
20013
20055
20056
20057
20058
20059
20060
20061
20062
20063
20141
20142
20143
20252
20253
20286
20326
20327
20328
20329
20330
20331
20333
20334
20335
20704
20705
20706
20707
20708
20709
20710
20711
20712
20713
20714
20715
20716
20717
20718
20719
20720
20721
20722
20736
20780
20781
20782
20783
20784
20785
20786
20787
20788
20789
21086
21087
21088
21089
21090
21091
21092
21215
21216
21217
21218
21219
21220
21221
21222
21223
21316
21371
21372
21373
21374
21375
21376
21377
21378
21379
21380
21381
21956
21957
21958
21959
21960
21961
21962
21963
21964
22024
22025
22026
22027
22028
22029
22030
22031
22032
22033
22034
22035
22036
22037
22038
22039
22040
22041
22042
22181
22182
22183
22184
22185
22562
22563
22564
22565
22566
22567
22568
22569
22570
22571
22572
22573
22726
22817
22870
22980
22981
22982
22983
22984
22985
22986
22987
22988
23310
23438
23439
23440
23441
23442
23443
23444
23446
23447
23448
23449
23450
23451
23452
23453
23454
23752
23753
23754
23756
23757
23758
23759
23779
23780
23781
23782
23783
23784
23836
23837
23838
23839
23840
23841
23842
23843
23844
23845
23846
24152
24154
24156
24157
24158
24159
24160
24161
24162
24163
24164
24165
24397
24695
24696
24697
24698
24699
24700
24701
24702
24703
24704
24705
24706
24707
24708
24709
24710
24711
24712
24724
24891
24895
24999
25000
25001
25002
25003
25004
25005
25006
25007
25008
25009
25010
25011
25012
25013
25014
25015
25016
25017
25018
25019
25020
25021
25022
25023
25585
25586
25587
25588
25589
25590
25591
25592
25593
26050
26051
26052
26053
26054
26055
26056
26057
26198
26199
26200
26201
26202
26203
26204
26205
26206
26207
26208
26209
26210
26211
26212
26213
26214
26215
26216
26217
26218
26219
26220
26221
26222
26223
26224
26587
26588
26589
26590
26614
26615
26617
26618
27115
27116
27117
27118
27119
27120
27121
27122
27123
27124
27222
27223
27224
27225
27226
27227
27228
27229
27230
